-0.0619578547062053
-0.0554849845597706
-0.0492925468991502
-0.0446876699112662
-0.0429494144463756
-0.0453371769175771
-0.0530971585865197
-0.0672574748566781
-0.0873916498159059
-0.113060369980593
-0.143421839605862
-0.178127654493675
-0.216432553426312
-0.257498370261986
-0.299268831701524
-0.336237726585607
-0.363331376298555
-0.374939571398401
-0.365763204826938
-0.330290215221752
-0.264148872348256
-0.169919305135375
-0.056633770523319
0.068384207273236
0.195746878958305
0.318255850424529
0.426545575971768
0.514686198858602
0.581024600394232
0.625729895616268
0.649519035174963
0.652499181981917
0.635016396479247
0.597586901660698
0.54291644059461
0.478340816248947
0.41172598429562
0.350027788569108
0.301295708533984
0.272644545819558
0.271091626336257
0.294752565913027
0.335992731869641
0.38761666601645
0.441884891486422
0.491011181567888
0.527870176956673
0.546453719725663
0.548594532426106
0.537765737432106
0.517383855447455
0.490996504673828
0.462257477216813
0.434396994208768
0.409529064501713
0.386824326980292
0.365666330107517
0.345044777075769
0.324324781087086
0.302499938675043
0.278829718608122
0.252533522063376
0.222428908803481
0.187838408712316
0.14750507053949
0.100841943858374
0.0464847651822338
-0.0156632722886141
-0.0852589018822049
-0.160773036665127
-0.240571953276176
-0.324099007946988
-0.409356519049545
-0.495844204034401
-0.582011683051479
-0.668562128641963
